Forbidden Archipelago
100 850
1100 150
4 50 50 1150 50 1150 950 50 950                  
21
5 100 800 140 810 130 780 110 780 120 790
6 200 900 230 910 250 890 240 870 210 870 220 885
4 300 830 340 840 330 800 310 800
8 400 920 430 910 440 880 420 870 400 880 390 900 410 905 405 895
7 100 650 130 660 150 640 140 620 110 610 120 630 115 635
3 200 600 230 610 215 570
9 300 750 330 760 340 730 320 720 300 730 290 740 310 745 305 735 295 735
5 400 680 430 690 440 660 410 650 400 665
6 500 600 530 610 550 590 520 570 510 580 525 595
4 600 650 630 660 620 620 610 630
5 680 750 710 760 720 730 690 720 680 735
8 600 880 630 890 640 860 620 850 600 860 590 870 610 875 605 865
6 780 800 810 810 830 790 800 770 790 780 805 795
4 880 880 910 890 900 850 890 860
7 950 800 980 810 1000 790 990 770 960 760 970 780 965 785
6 1050 850 1080 860 1100 840 1070 820 1060 830 1075 845
4 1100 750 1130 760 1120 720 1110 730
5 1050 650 1080 660 1090 630 1060 620 1050 635
6 950 600 980 610 1000 590 970 570 960 580 975 595
3 850 400 880 410 865 370
7 750 300 780 310 800 290 790 270 760 260 770 280 765 285