Crystal Maze
50 750
950 50
17 10 10 500 5 990 10 995 400 990 790 500 795 10 790 5 400 15 350 40 380 30 300 60 250 40 200 70 150 50 100 80 50 40 20
19
4 80 700 120 710 110 680 90 680
5 180 720 200 750 220 720 210 700 190 700
6 250 650 280 660 300 640 290 620 260 620 270 635
8 350 750 380 740 390 710 370 700 350 710 340 730 360 735 355 745
3 450 680 480 690 465 650
7 550 730 580 740 600 720 590 700 560 690 570 710 565 715
5 650 650 680 660 700 640 670 620 660 635
6 750 720 780 730 800 710 790 690 760 690 770 705
4 850 650 880 660 870 620 860 630
9 920 600 950 610 960 580 940 570 920 580 910 590 930 595 925 585 915 585
5 900 450 930 460 940 430 910 420 900 435
8 850 350 880 360 890 330 870 320 850 330 840 340 860 345 855 335
3 750 280 780 290 765 250
7 650 220 680 230 700 210 690 190 660 180 670 200 665 205
6 550 150 580 160 600 140 590 120 560 120 570 135
5 450 100 480 110 500 90 470 70 460 85
4 350 80 380 90 370 50 360 60
6 250 150 280 160 300 140 270 120 260 130 275 145
3 150 250 180 260 165 220