TC_medium
99.46 22.36
5.23 90.97
4 0 0 100 0 100 100 0 100
20
5 52.08 62.48 48.63 60.12 50.62 55.69 51.23 56.49 55.78 59.0
7 68.36 41.66 65.47 44.52 64.22 42.86 61.24 36.78 63.63 36.75 64.99 36.97 65.65 37.71
8 69.5 12.78 68.07 7.49 69.65 7.13 69.73 7.27 73.81 9.33 73.95 9.55 73.27 9.76 75.11 10.03
8 43.39 74.62 39.15 77.5 37.94 77.06 37.71 76.83 42.57 70.8 43.54 69.92 43.69 69.73 44.47 70.18
6 56.73 57.03 56.76 57.65 53.34 57.72 51.23 54.19 51.66 53.79 55.51 52.98
5 48.31 92.38 42.94 88.78 43.66 85.95 44.62 85.6 47.07 85.65
4 79.79 76.04 75.32 77.19 74.31 71.83 80.43 72.52
6 7.36 81.03 6.77 79.71 7.47 79.26 8.48 75.3 11.85 74.78 14.71 75.61
7 93.75 82.3 89.89 85.59 86.92 84.59 86.27 81.67 85.26 78.98 85.88 78.15 93.84 79.81
6 64.81 79.14 67.81 79.92 67.93 78.91 68.16 79.28 70.08 80.2 71.07 80.36
4 51.63 56.2 47.15 60.09 43.09 54.63 44.18 54.35
6 30.36 51.18 29.35 47.67 28.73 46.66 30.95 43.66 33.5 43.7 36.35 45.63
7 49.22 94.52 48.26 94.67 47.39 93.84 44.1 88.6 46.84 86.59 47.66 86.31 51.75 87.39
4 58.17 65.39 55.63 65.16 53.86 64.89 58.9 60.75
7 84.26 44.17 80.34 43.2 78.72 39.97 79.95 39.15 81.02 39.5 81.77 36.34 85.26 38.36
8 84.33 24.24 81.36 26.51 79.39 24.48 80.99 20.02 84.02 19.75 84.31 20.12 85.04 22.43 86.14 22.22
6 27.65 63.66 25.42 63.02 21.79 59.28 24.3 57.12 26.8 57.96 26.91 58.17
8 19.69 41.44 19.35 43.25 18.16 43.04 13.71 42.76 14.7 39.74 14.46 38.06 16.58 35.74 17.68 36.85
4 72.31 51.23 70.5 51.98 67.7 47.76 74.48 44.48
7 17.35 39.89 15.81 42.74 12.06 42.31 11.03 34.69 14.1 35.16 17.2 36.56 17.09 37.71