Instância 06: Pesadelo Geométrico
25 175
375 45 
18 10 10 150 15 200 40 250 10 390 20 390 150 350 160 360 240 300 230 250 245 200 230 150 240 100 200 40 230 20 180 50 150 20 100 10 10
7
12 80 180 120 185 130 170 150 190 180 175 200 200 220 180 210 160 180 165 160 150 130 160 100 155
8 300 200 320 220 340 210 330 190 350 180 335 170 315 185 305 170
10 250 100 280 120 260 130 290 140 270 150 240 140 230 120 255 115 245 90 265 95
10 150 50 170 70 190 60 180 80 200 90 180 95 160 80 140 90 130 75 145 70
6 70 30 110 40 100 80 80 70 60 90 50 50
6 280 50 300 30 320 55 310 70 330 80 290 85
5 40 130 60 135 50 145 70 150 45 155