TC_large
32.41 43.96
15.02 49.87
4 0 0 100 0 100 100 0 100 
100
7 54.03 23.16 51.55 24.29 49.6 21.46 49.74 20.71 49.43 20.58 50.44 17.38 50.68 16.58
6 46.04 44.42 45.28 43.43 44.25 44.64 41.26 39.75 41.41 38.19 47.61 39.26
8 71.51 48.16 70.72 48.73 69.64 50.88 64.22 49.84 62.59 47.52 64.0 44.87 67.55 42.72 70.81 45.32
4 24.55 63.9 21.44 64.86 17.35 63.31 23.79 62.08
7 26.7 66.39 26.82 67.45 26.6 68.72 24.84 68.81 19.63 66.52 23.03 62.7 23.0 61.4
8 20.84 56.8 19.03 58.37 18.52 59.3 17.67 58.62 19.89 52.21 19.66 53.39 20.25 53.52 20.96 54.41
6 60.18 73.28 60.44 74.85 58.11 75.26 55.11 74.65 54.68 73.15 55.76 68.63
4 59.78 86.75 59.13 86.32 52.84 83.68 55.7 81.54
4 55.58 59.8 59.6 59.12 60.1 61.03 61.56 62.01
7 64.07 48.34 61.19 51.6 57.15 48.78 56.78 44.42 61.12 43.52 61.11 43.82 62.19 45.39
4 67.2 57.85 67.25 55.37 72.27 51.11 73.6 52.4
8 31.7 62.18 28.75 66.13 26.79 64.17 24.94 60.69 26.94 57.53 29.5 57.85 32.1 59.35 31.76 61.14
4 79.94 21.45 75.39 18.77 75.44 17.3 82.79 18.26
6 79.07 19.31 77.92 18.84 74.2 12.33 76.45 12.08 76.77 11.3 82.38 12.43
8 61.0 49.89 58.43 51.16 53.94 48.75 54.68 48.15 54.4 47.73 55.04 44.66 58.87 42.96 61.32 46.31
8 62.68 77.14 62.32 76.97 62.8 76.11 62.49 71.41 62.69 70.42 63.18 70.31 64.7 70.37 66.19 71.85
8 59.57 83.77 59.72 85.05 56.99 84.86 56.21 84.55 55.16 83.23 54.3 82.33 54.66 80.58 56.85 77.13
5 51.14 53.49 48.5 55.78 45.38 56.67 43.84 55.56 48.56 49.56
6 73.13 28.86 68.87 30.22 68.48 29.13 71.37 23.0 73.37 24.2 73.97 24.61
6 82.72 47.69 81.39 46.02 80.31 44.68 82.06 40.16 86.48 42.7 86.49 43.37
7 30.47 58.2 26.7 58.33 24.24 57.5 24.22 56.66 24.57 55.06 23.25 54.45 31.16 51.7
5 89.15 65.3 87.66 65.14 83.44 64.49 88.05 58.38 90.99 60.68
7 31.96 87.06 25.02 88.25 23.38 86.02 23.2 82.49 25.87 81.66 26.54 81.51 30.65 83.92
5 54.07 28.02 50.69 30.14 45.0 28.75 47.22 27.58 47.2 25.4
4 89.85 74.3 87.43 74.61 86.47 70.76 91.8 68.4
5 77.51 91.91 76.17 90.76 76.85 90.6 76.62 88.06 76.85 88.07
4 81.7 24.27 80.42 18.36 82.52 17.07 88.67 17.51
6 70.85 74.86 68.18 75.42 66.54 76.45 62.84 75.64 66.77 68.61 70.86 72.82
8 28.72 19.02 28.53 18.92 27.18 19.45 27.64 21.2 24.8 21.55 21.82 17.24 24.45 13.89 26.01 13.69
5 50.06 40.55 48.59 41.16 42.74 41.96 41.89 40.46 44.49 37.21
6 46.97 61.47 46.8 62.08 43.22 62.76 43.0 62.55 47.24 56.36 48.36 58.68
5 67.28 87.11 61.09 86.06 60.6 84.5 61.76 82.6 65.27 78.95
6 49.89 54.35 45.98 55.32 42.59 54.49 43.45 49.63 44.44 50.17 47.29 49.63
5 54.3 63.41 49.18 59.05 49.78 60.11 50.72 58.58 51.13 60.77
4 23.01 14.05 21.11 14.11 23.08 8.56 25.87 6.93
8 42.77 49.54 40.01 42.9 41.09 43.64 41.43 42.58 43.18 43.61 44.06 43.98 46.51 44.29 45.28 45.52
5 78.7 67.63 76.01 67.33 73.46 66.72 73.91 64.95 77.54 58.69
5 64.19 15.14 63.46 10.19 66.38 7.68 66.55 9.73 68.32 11.75
4 37.72 32.34 35.45 29.85 40.02 24.5 40.42 27.03
7 65.16 15.75 64.79 14.39 61.9 11.92 61.78 11.38 61.93 7.85 65.79 6.68 68.52 8.38
4 16.56 12.4 14.47 13.03 17.09 7.05 18.25 8.54
4 33.53 89.72 30.82 91.45 26.77 90.82 26.43 89.98
7 43.08 61.9 40.44 58.96 39.34 55.83 41.01 54.87 43.16 54.75 46.6 57.4 46.22 57.65
6 38.52 47.89 36.8 50.6 34.11 50.52 31.74 48.51 29.98 47.35 32.25 43.46
7 20.23 72.03 16.68 74.98 15.47 75.9 15.46 74.88 13.03 72.86 11.26 71.54 14.08 69.84
6 85.83 60.95 85.45 61.32 84.01 62.05 81.59 59.47 81.84 59.16 88.75 55.22
5 66.09 84.31 63.86 83.88 63.72 84.64 62.41 83.92 67.25 80.56
7 38.3 28.71 32.78 27.15 31.22 26.27 33.01 22.86 35.78 21.37 36.42 22.47 39.21 24.74
5 70.12 20.74 72.11 20.42 74.26 19.68 74.49 19.86 75.42 20.89
8 77.33 27.76 70.08 29.36 69.22 25.32 71.26 24.95 74.55 23.74 75.72 24.06 76.36 27.17 75.89 27.59
6 73.47 23.99 71.63 23.79 70.64 22.87 70.81 22.43 69.14 20.25 72.7 17.05
6 63.3 56.06 62.24 59.85 57.37 56.29 56.66 53.2 58.14 52.93 63.12 52.73
7 83.79 91.65 81.34 91.26 80.8 92.41 78.75 90.79 77.97 89.76 80.82 84.45 83.73 85.91
5 33.05 60.56 32.04 57.62 32.18 56.28 31.97 54.96 39.75 56.09
6 90.31 69.72 88.35 69.02 87.59 69.34 85.57 68.62 84.83 65.56 85.31 64.59
5 47.09 37.62 44.82 39.85 43.87 39.73 42.05 39.8 41.84 34.79
8 32.68 87.73 31.25 88.61 30.19 89.46 24.67 85.99 25.89 84.67 26.4 83.83 32.95 85.7 32.16 86.49
5 21.12 50.24 16.97 50.72 15.98 48.42 16.0 46.66 20.53 45.34
6 30.63 72.34 28.72 72.13 28.06 73.5 28.31 67.23 30.57 65.52 31.55 66.11
7 83.25 28.65 83.45 29.83 82.96 31.12 82.09 31.3 79.24 29.64 77.22 27.6 77.5 26.86
4 42.78 76.84 41.5 75.05 37.4 71.21 44.25 69.42
6 91.75 91.36 89.28 91.34 88.82 90.77 84.87 86.45 87.53 85.9 90.16 84.22
7 63.4 87.12 63.84 88.28 63.47 88.25 57.1 86.12 55.28 83.82 57.56 83.63 58.46 81.81
5 19.52 62.01 15.93 59.24 15.54 55.47 17.82 53.87 21.17 54.34
5 67.09 87.61 60.79 88.0 60.24 87.35 59.48 86.84 60.74 82.83
4 76.07 63.38 74.97 62.6 76.5 61.17 82.8 57.82
5 77.16 74.74 76.67 74.0 75.83 73.89 73.99 73.54 72.92 71.81
4 66.83 73.24 67.51 74.97 66.58 74.91 65.55 69.32
5 73.0 71.26 72.98 70.82 74.15 64.99 77.67 65.29 77.87 67.18
8 56.09 64.26 53.8 68.13 51.19 68.07 49.1 66.31 48.06 65.38 47.56 62.5 50.03 60.18 49.85 59.73
8 61.82 75.52 61.6 75.88 59.46 75.61 58.31 76.6 56.63 72.98 59.08 69.25 60.75 67.82 63.28 71.13
5 51.54 32.68 52.07 33.39 44.44 28.18 51.75 26.58 51.56 27.5
5 91.56 53.27 88.79 53.25 87.45 51.84 86.01 51.88 86.28 46.94
8 13.44 76.38 10.2 77.49 7.66 75.2 8.34 74.61 8.07 72.15 12.66 71.53 13.74 72.58 14.07 72.88
7 16.49 88.19 15.68 87.24 13.52 88.86 12.73 87.57 11.58 84.79 15.44 80.83 19.21 82.81
8 75.21 39.84 73.5 40.75 70.85 40.44 70.33 39.16 69.56 38.77 69.73 35.14 70.86 33.55 76.77 36.59
8 89.52 55.95 89.03 56.38 85.14 57.87 85.58 55.9 82.0 55.02 84.28 49.37 87.3 50.04 90.04 51.13
7 65.22 28.55 62.82 27.43 64.0 26.22 62.33 25.89 61.64 23.76 65.78 21.88 66.64 20.24
7 43.55 70.09 44.7 71.03 43.34 72.84 41.99 72.11 38.49 67.59 40.53 65.79 41.11 65.28
8 78.98 84.38 78.82 85.31 74.12 87.18 71.06 85.67 71.45 79.81 74.17 78.73 74.81 80.48 79.0 80.38
7 25.39 21.88 17.96 23.8 18.04 20.11 18.21 19.01 20.93 16.75 23.58 20.24 25.25 20.96
8 56.88 24.41 56.33 24.41 56.53 27.97 53.18 28.08 49.95 24.93 49.39 24.09 49.74 22.79 54.01 20.9
7 61.3 45.42 58.78 49.18 55.18 47.34 54.12 46.15 54.68 43.54 56.62 42.66 60.14 42.33
8 54.7 67.67 53.85 68.19 53.7 68.31 51.16 70.61 49.31 68.57 49.91 66.36 50.41 62.59 51.91 62.95
7 91.17 19.5 85.09 22.46 86.04 15.27 86.29 16.05 87.14 14.78 88.9 17.37 90.65 17.87
5 85.99 17.19 82.13 17.81 79.13 15.16 81.44 14.1 84.95 10.96
7 43.81 48.96 44.53 49.8 36.81 49.01 36.82 47.83 43.48 43.73 44.4 44.33 45.59 45.84
8 41.61 67.58 40.48 69.2 39.85 68.87 36.75 68.81 36.32 63.69 38.21 61.81 39.94 61.22 40.97 61.87
6 57.28 42.3 57.03 39.14 57.52 35.78 60.71 36.39 63.29 37.35 62.18 38.81
8 36.08 39.39 34.62 39.71 34.1 39.79 30.21 38.86 29.39 35.52 30.16 33.75 31.76 34.27 35.39 34.71
4 58.77 42.16 58.62 41.81 59.32 38.3 61.39 35.37
8 36.69 20.14 37.16 18.04 34.96 16.72 36.76 13.01 37.83 11.65 39.76 13.53 40.97 12.78 43.1 14.1
4 85.98 76.46 79.42 72.67 84.86 70.59 86.85 71.65
4 33.62 63.6 25.94 59.33 29.93 56.56 30.93 56.92
4 24.29 81.87 17.74 77.44 19.5 78.2 21.97 76.3
4 63.78 63.0 60.15 59.11 59.71 57.92 61.68 58.38
5 69.59 11.6 67.82 15.55 66.86 14.7 66.66 6.76 68.45 7.47
6 27.67 63.0 28.87 58.45 32.17 57.2 32.32 59.28 33.57 58.28 34.16 60.19
4 19.16 75.82 20.19 77.81 21.85 77.15 24.61 79.47
4 91.18 54.79 89.18 55.38 88.07 55.31 86.64 53.01